  -1.00000000000000000000000000000000000         3.84615384615384615384615384615384634E-0002   3.84615384615384615384615384615384634E-0002
 -0.899999976158142089843750000000000000         4.70588259053478663853005476406631660E-0002 -0.289124715391450826667135140090543348      
 -0.800000011920928955078125000000000000         5.88235277618091751525371288612952383E-0002 -0.379310345459995029524036277645963485      
 -0.699999988079071044921875000000000000         7.54717004897544920661204094092877721E-0002 -0.299734730856487397271205877159890861      
 -0.600000023841857910156250000000000000         9.99999928474429964353313322201475278E-0002 -0.110079629667872400560671037482668955      
 -0.500000000000000000000000000000000000        0.137931034482758620689655172413793101        0.137931034482758620689655172413793101      
 -0.399999976158142089843750000000000000        0.200000019073487578680279989909325815        0.400530565322551560669582477753396324      
 -0.300000011920928955078125000000000000        0.307692290763178410357238290178409521        0.641909787999539818755173802599687392      
 -0.199999988079071044921875000000000000        0.500000029802323275873732200123654617        0.834217525761702470304498127076477298      
  -9.99999642372131347656250000000000000E-0002  0.800000114440913876020329206386254202        0.957559711816134915874986675159693513      
   0.00000000000000000000000000000000000         1.00000000000000000000000000000000000         1.00000000000000000000000000000000000      
  0.100000023841857910156250000000000000        0.799999923706052868511637288150528109        0.957559661618592147368255746261945132      
  0.200000047683715820312500000000000000        0.499999880790724660073465201599820735        0.834217430109678897696434291254456862      
  0.300000071525573730468750000000000000        0.307692206117549853109495373635836001        0.641909656379191175654769553597564385      
  0.399999976158142089843750000000000000        0.200000019073487578680279989909325815        0.400530565322551560669582477753396324      
  0.500000000000000000000000000000000000        0.137931034482758620689655172413793101        0.137931034482758620689655172413793101      
  0.600000023841857910156250000000000000         9.99999928474429964353313322201475278E-0002 -0.110079629667872400560671037482668919      
  0.700000047683715820312500000000000000         7.54716886070208595743939183387474650E-0002 -0.299734816627085259780094860933530476      
  0.800000071525573730468750000000000000         5.88235195120325411097392209347465899E-0002 -0.379310348622003097220492394522979308      
  0.899999976158142089843750000000000000         4.70588259053478663853005476406631660E-0002 -0.289124715391450826667135140090543396      
   1.00000000000000000000000000000000000         3.84615384615384615384615384615384634E-0002   3.84615384615384615384615384615384634E-0002
