           1   38.2824287    
           2   77.3894424    
           3   118.145607    
           4   161.375519    
           5   207.903748    
           6   258.554871    
           7   314.153503    
           8   375.524170    
           9   443.491455    
          10   518.880005    
          11   602.514343    
          12   695.218994    
          13   797.818726    
          14   911.137939    
          15   1036.00000    
          16   1172.66516    
          17   1319.13098    
          18   1472.82922    
          19   1631.19202    
          20   1791.65112    
          21   1951.63892    
          22   2108.58740    
          23   2259.92798    
          24   2403.09326    
          25   2535.51489    
          26   2654.62524    
          27   2757.85596    
          28   2842.63916    
          29   2906.40723    
          30   2946.59131    
          31   2960.62402    
          32   2945.93726    
          33   2900.00000    
          34   2821.02246    
          35   2710.69800    
          36   2571.53418    
          37   2406.03906    
          38   2216.71997    
          39   2006.08472    
          40   1776.64172    
          41   1530.89795    
          42   1271.36145    
          43   1000.53992    
          44   720.941223    
          45   435.073242    
          46   145.443420    
          47   0.00000000    
          48   0.00000000    
          49   0.00000000    
          50   0.00000000    
