   0.00000000       0.00000000    
   1.99999996E-02  0.183909684    
   3.99999991E-02  0.350067437    
   5.99999987E-02  0.499758393    
   7.99999982E-02  0.634184897    
   9.99999940E-02  0.754471779    
  0.119999997      0.861670852    
  0.140000001      0.956765056    
  0.159999996       1.04067314    
  0.179999992       1.11425340    
  0.199999988       1.17830729    
  0.219999999       1.23358309    
  0.239999995       1.28077865    
  0.259999990       1.32054520    
  0.280000001       1.35349011    
  0.299999982       1.38017893    
  0.319999993       1.40113914    
  0.340000004       1.41686118    
  0.359999985       1.42780209    
  0.379999995       1.43438661    
  0.399999976       1.43700969    
  0.419999987       1.43603861    
  0.439999998       1.43181407    
  0.459999979       1.42465222    
  0.479999989       1.41484678    
  0.500000000       1.40266919    
  0.519999981       1.38837159    
  0.539999962       1.37218690    
  0.560000002       1.35433030    
  0.579999983       1.33500147    
  0.599999964       1.31438351    
  0.620000005       1.29264617    
  0.639999986       1.26994514    
  0.659999967       1.24642479    
  0.680000007       1.22221649    
  0.699999988       1.19744182    
  0.719999969       1.17221153    
  0.740000010       1.14662731    
  0.759999990       1.12078238    
  0.779999971       1.09476137    
  0.799999952       1.06864130    
  0.819999993       1.04249251    
  0.839999974       1.01637864    
  0.859999955      0.990356982    
  0.879999995      0.964479566    
  0.899999976      0.938793302    
  0.919999957      0.913339853    
  0.939999998      0.888156712    
  0.959999979      0.863276839    
  0.979999959      0.838729799    
   1.00000000      0.814541161    
   1.01999998      0.790733874    
   1.03999996      0.767327189    
   1.05999994      0.744338155    
   1.07999992      0.721780777    
   1.10000002      0.699666858    
   1.12000000      0.678006291    
   1.13999999      0.656806946    
   1.15999997      0.636074483    
   1.17999995      0.615813375    
   1.19999993      0.596026361    
   1.22000003      0.576714814    
   1.24000001      0.557879090    
   1.25999999      0.539518058    
   1.27999997      0.521629930    
   1.29999995      0.504211783    
   1.31999993      0.487259954    
   1.33999991      0.470769972    
   1.36000001      0.454736590    
   1.38000000      0.439154357    
   1.39999998      0.424016982    
   1.41999996      0.409317881    
   1.43999994      0.395049930    
   1.45999992      0.381205767    
   1.48000002      0.367777675    
   1.50000000      0.354757875    
   1.51999998      0.342138171    
   1.53999996      0.329910249    
   1.55999994      0.318065673    
   1.57999992      0.306595922    
   1.59999990      0.295492470    
   1.62000000      0.284746557    
   1.63999999      0.274349689    
   1.65999997      0.264293134    
   1.67999995      0.254568189    
   1.69999993      0.245166391    
   1.71999991      0.236079112    
   1.74000001      0.227297857    
   1.75999999      0.218814388    
   1.77999997      0.210620344    
   1.79999995      0.202707574    
   1.81999993      0.195067972    
   1.83999991      0.187693626    
   1.86000001      0.180576742    
   1.88000000      0.173709616    
   1.89999998      0.167084724    
   1.91999996      0.160694674    
   1.93999994      0.154532239    
   1.95999992      0.148590326    
   1.97999990      0.142862022    
   2.00000000      0.137340486    
